function [M,F] = instance()
    
M = [0     0     3     1     2     3     4     1     1     0     1     2
     0     6     0     1     2     2     2     3     2     0     3     2
     0     0     0     1     1     0     2     3     0     1     1     0];

F = [ 0     0     0     0    ];

end